$ANSIBLE_VAULT;1.1;AES256
35353936363539636231623033343730363866626130316233636230346336383961663564623164
3232333536613236333132356131396563646164613732370a313161663538383163643035656534
63346635366365303532306434653566383339613264343464313031343166363261663566323836
3638346261313938610a323835633536653036373633333939633637353636303236613233333933
37353431346138633365336334656661313865643536663036613161323532633265356136616464
63306361383364623232653164343136383531663261373638353061336466663831353266633631
38643065396531333339396236353738386431636661326465316466353632613363376666653761
39376530666530346439396566393232386236653663373963366235623966373431366366363563
36303664326562643464633436346431373038616136366234373764373630373366653864353465
66663234653933626565353537346333643637623530333863313633393239353834653131336666
30306263366330316530383365333030316335323461323331373863313664663264373138633232
62656165303132336563396531336232313965653635623435353134393464643863343831643132
31653162343034623935643364646135363764353633363335383862393735663833306565356134
36613866623061323563323039346335346437363934623237323331396335623861663761663830
35376234623864366464353464323537343639376239303838623465373433326566376138343264
61626534376364393035653362313363363262636536383138336232303739323538396130626261
36366363376531356164316539323163366366623538326163343738636136326638663864346432
62613064306637343661643261633762323439356633376537613866616564666134636562396437
61363731386235663434613162656435333561306165323361653863373162643838383138346333
33313337393330386430666564386362313334663763343131613139376466646266356265393062
38326332306163643032656431346337653761316130633534666233613565393939393766373934
37383334663332393535396438376132353332626631396430383438386466323435376534646333
61656632313138336366623431313938306339636166333336376238666133363764613664313330
31316438366661616561306463363832643666626362363565616262636232633439326530656464
64306463343531626665383232353063313463336363643539616237323631346132316238626232
39623663373436356661346639666630393135306432663637346365356564313839346131383366
39336236313634313264613035393033663932653137353030396634386165343665313630336637
66363434336131326162333536353165343364646234323765653937613633626636633365363338
35386362643933643263336135366633313161653761353462646564613966623635393531613530
30386630656636303637633230353736363535643437373066363965313862333464383864656466
31653730373933396331383364666637343162616665646265333064363733333562623666313663
35623536633762303438646366653163336266346364326165326432623461336539353239323933
36336564356430643639653332616464653139316437613239303763386362666630383635323630
34613830366461366432323332653939353165306436343763633332373763313966396236303433
39666536666330653138373336363932336263656231306634636135303365373366396535623732
34653536616335663362353730663738623931643838316235656339643333316135356363336130
32613935666362313465666230383561656535326266306462313434656130386438393939306237
36366465636566623564613364333331383762636233363863353235323562633161363136326238
33386330313532323038656232663032663564653865666534616133396534326531303961303266
36636338356636656663313633303266643330343539303934333430613366626336313732323966
36323237323533306262633766666136383834306438343438313636646262613134616632353463
33626361356333346333653433386563636465343962363165363430336365646336393236356361
39633766356130633632396435386335336466316136356538646134623062363164643466663135
39323330306635353834663734323936333666666131373461356664313637356536306238323936
33313637316534613631383935316363366631643361383136346539323864366665616136343063
31643636373532633534653333373665323535373139623061626430643461363830636634326430
38663230646439346266666330336566373332626661333465613065316139326665373438353263
38396338393761636336303463633338336161346231613434653338303731343231623230646236
65303735393039313466323137396133303339643463646133616562343161663461313331363263
36666637366437376466663831376562303362633735653763326463333731623733663164316466
62353863323030613536616462333962626131333037343165626363666235643432626237646338
33363538653639306330356135663565386162646235656330303863613036636566636533393130
31396366353763646630643664663262393066656666623036346364363234333435386239656134
31353531326463613364373664323538376464643161353061373933336361646561333635373665
63333738303330623833663336363435336536373039643137343564393839333062313931383634
32613439363839393430636539626537343031316636313834613139633064616237326636656165
37643036326235326265383661386632366431646361373563666633653430633363623635336539
64336430666137376361613764643664656233663939323061313134313430656165373634386632
39326237353334343139336566336238663961313732636137613962303233353765396463303936
39623964656562373162396464303065626632323364623336326161383763346331366165666165
61633464636530383962356634383637623731393634646565616565616365336537663334383737
35386133333631383066353466303433383535646131636566626139626530376333326338626332
66666335623232323564356564373736633131303630666138656330653332386662393335326366
36313637356638326462303331353662666231653138656664643162343330616132663739396166
35323438633664303833653833303932303237383134333861306463336535376565316632393062
62643363366433343432356664346264613834346261396662376539393232306465373333656133
63343934386335656233313162326335373632383732623638633236383562316338333839376332
66663538623139386163393838626262323930616565323130376261663838316535646666346561
33363736643462343839623733316234663365636339646563666438366637383266633138633365
31363033626263316432386461643333333633326638356263643263616235356238323337323839
38386136373833643535396430343832666330616330326336313834303437646166383064366438
61613631316138356339383030326663353835646137373534643666646632353662333132396663
64373032306531306139373833376132373235653762356139366664313736366432346361343464
62336363366261373536333237386462303136363932303136666130333930366631643833626439
38666631353435656532623931356162346630613466346338303239386166616339303833333436
64623635636666656431333735313437613961616531653933336162666633636461333462666539
61326639643663376633353333653033663433656664666339656563383763373632363237343630
63326335393563666663666530633364323565393362303665363035356533653665656630373537
32366134376434323531346630303832363564306339633133386432393964396663646431306266
32623737376534356137666463303139323961333033636662386566353764386663313163313233
65336666316134363135646633333538363266366234653639336666306134663863643534323638
39303064306564653165373261346633666437656266643463633439613135313366373537346539
65663738383233353330326162363539396337663064373766653666343037336365343431306531
30623965303636353534336461363433396234343232663266383361646363613735323364326434
35323563303930616664323565306136666232643261616532643136336439646132303139316432
34313535303765376337643033376364613661373338656263636233333437303862393534303339
62386531373039326633353137663233346334336364326338643166303965653437383966653561
65666534303330653536323564346136346162633138396366646438343763326362623935323465
66303063636662633136336466343166313137343433363238646333666634646236616331643434
63626665346164396639633230343132313539363161316338303665383934343438363337343239
35323234653337396336623731333633333937623531326462636466636330383762346439396166
62633731643230393761643536366439323634656634653938393639643631343834323663363064
35663934383538363733303030636632616337656639303035366533613235323761393432393162
38636637333663316136356438383262616333333537613832343534633434356132383866356666
32303734376235396164363439653132656365343837643732623031336264323330653962383030
37663338633665363762653763306538326663313666643538626437376631633262383534353034
61383639643036316231346636303836333132383134613430383962653966356235383936333465
39396662333130343533313034373566333838393436663833333931336336306362636131656566
64353537653137613436353463613937613566376336343931373430656661363038366666303538
61303133326264383938303039383065343035373163643764623562663365353532646236303039
30623733326233393634316338356232376564343265396361643530323430653939313765333566
65633934636139303666346133643232383432353935626637643664353231396330616464396565
61306433396633373839633863336364383063643633386635626631383733616464313135303034
64663930393265336436346633666261343862633564663239626264303565303162353035626664
34313636333637306662323138613234346139316334633661303033323339343737383766333039
31663264646665303235623430646462383735636338363937626631333364636139343961323939
39383436336339623263616434666432353061663166346264626334373431376536646631323532
31653265616235623236633562613561316133666538663230613965663238396666333530646561
35373439323539336466356333366665303239653038626565366536613961303636613330653131
31613336643739653966353636373963653631663130356233646436613335633062303634386134
61386262633366376566623531666130326337633437663661353066396364626132326631633566
30633637396138343438316336663161613830386465613639353966306539326634633265363763
34306461626637363035646230373930653837633438336566616337633561356436383630643338
34623565393730613533666463643032633862366364383133303438303630633838316634356564
63363337323437313236363932303565343739333136303039393736393231323033646263386137
32396365653032336639316338386431316132373437356631656563316631666465643031613933
31613037333133663436373765313465353332306439303465313034393364383165393864343931
30383365633639323532613931313165343132386638643536636365373861393133626561623666
31393332663065313066353663353864356466643335626365323462306366346231646331643931
31376439353437663034643630626132656262623165373431313534653931653561366131633537
62616536343233316333656666316365336536366165613338313731613734353536386462373738
63363065376265346132613062383232356331616236313635343264613235646534333336393962
61643538663138613261383232646235363138613065336261316264613530636433313230336436
35326264653135366136366535386164663436623631306237353539656239336635646530623034
33613739313565336461383936646336653366336464646164346533373765303236663033393333
38393437336433313936623537613637363537383561623237356430356662656337363332623564
30636461303131386134636663663862336565623736373761373534323861643462393461613963
61323333613530323038323633633133313361323266643035656331373039376337346335333563
30643065613939376234613133323336353661613032373638383231613832653237353631306339
62616239396463363134383232393337643338373063343436303832353338306463346231333830
30663365373034656132373535366466363630333235356339633234646539626636356466343230
64393930633131663335323530383730363066623230646366653538383961653434333237646533
36666362356537396637616661633636373737313639363432323433383937386530393162373734
3932663539666237396534336334336135393235653337333836
